1 32 cli3rep1-1-1-28.csv 0
1 32 cli3rep1-1-1-24.csv 0
1 32 cli3rep1-1-1-26.csv 0
1 32 cli3rep1-1-1-23.csv 0
1 32 cli3rep1-1-1-22.csv 0
1 32 cli3rep1-1-1-25.csv 0
vcli	numCli	Throughput	Latency (msec)
--------------------------------------------------
1	6	5839.8 ± 17.3	1.022 ± 0.003
2	12	9044.4 ± 33.2	1.323 ± 0.005
4	24	10904.4 ± 77.0	2.199 ± 0.016
8	48	13662.3 ± 26.6	3.546 ± 0.007
16	96	16330.8 ± 101.1	5.863 ± 0.013
20	120	16931.0 ± 200.0	7.086 ± 0.084
24	144	17556.5 ± 50.1	8.181 ± 0.014
32	192	17537.3 ± 88.8	10.861 ± 0.095
48	288	17390.7 ± 23.5	16.558 ± 0.022
