secs,qlen,thru,msrt,items,nset,nget,nmget,sqt,gqt,mqt,swt,gwt,mwt
1,0,21.000000000000,0.900000000000,10,11,10,0,0.000075725636,0.000037433700,NaN,0.079752890000,0.000181784700,NaN
2,0,22.000000000000,1.000000000000,10,12,10,0,0.000055156833,0.000030588000,NaN,0.087714791167,0.000159924900,NaN
3,0,21.000000000000,1.000000000000,10,11,10,0,0.000050617818,0.000026291100,NaN,0.087716872455,0.000151403100,NaN
4,0,20.000000000000,0.800000000000,10,10,10,0,0.000051935500,0.000042606800,NaN,0.087795663500,0.000170016900,NaN
5,0,26.000000000000,0.866666666667,15,11,15,0,0.000047708182,0.000035648800,NaN,0.087730587091,0.000148393000,NaN
6,0,21.000000000000,1.000000000000,10,11,10,0,0.000046678364,0.000032260200,NaN,0.087709094909,0.000138213500,NaN
7,0,21.000000000000,0.800000000000,10,11,10,0,0.000039807455,0.000023493800,NaN,0.087850992545,0.000138115400,NaN
8,0,20.000000000000,0.900000000000,10,10,10,0,0.000036824300,0.000035661500,NaN,0.087833880100,0.000133221100,NaN
9,0,22.000000000000,1.000000000000,10,12,10,0,0.000037426417,0.000022235800,NaN,0.087766561750,0.000121976900,NaN
10,0,26.000000000000,0.933333333333,15,11,15,0,0.000043874636,0.000030152333,NaN,0.087804828364,0.000128418933,NaN
11,0,21.000000000000,1.000000000000,10,11,10,0,0.000033598818,0.000034787800,NaN,0.087686273545,0.000116105400,NaN
12,0,19.000000000000,0.600000000000,10,9,10,0,0.000050226667,0.000041713800,NaN,0.087911340222,0.000158952300,NaN
13,0,21.000000000000,0.800000000000,10,11,10,0,0.000034761364,0.000022372500,NaN,0.087863139818,0.000140864400,NaN
14,0,21.000000000000,0.900000000000,10,11,10,0,0.000032418818,0.000018987100,NaN,0.087843520091,0.000111326100,NaN
15,0,20.000000000000,0.900000000000,10,10,10,0,0.000031799300,0.000014329000,NaN,0.087854129400,0.000109167900,NaN
16,0,20.000000000000,0.700000000000,10,10,10,0,0.000033052600,0.000032849200,NaN,0.087877205700,0.000173589800,NaN
17,0,21.000000000000,0.800000000000,10,11,10,0,0.000039592091,0.000024551900,NaN,0.087867714909,0.000123686900,NaN
18,0,21.000000000000,1.000000000000,10,11,10,0,0.000031436909,0.000021633500,NaN,0.087758224818,0.000117348300,NaN
19,0,22.000000000000,0.818181818182,11,11,11,0,0.000034072000,0.000026421364,NaN,0.087814391455,0.000125399273,NaN
20,0,20.000000000000,0.700000000000,10,10,10,0,0.000036508700,0.000015698700,NaN,0.087868975500,0.000121811500,NaN
21,0,24.000000000000,0.857142857143,14,10,14,0,0.000037761100,0.000025229214,NaN,0.087789135000,0.000158456214,NaN
22,0,21.000000000000,1.000000000000,10,11,10,0,0.000026830545,0.000012132200,NaN,0.087730511909,0.000113618300,NaN
23,0,19.000000000000,0.600000000000,10,9,10,0,0.000030871889,0.000022700700,NaN,0.087921756000,0.000112831800,NaN
24,0,21.000000000000,0.900000000000,10,11,10,0,0.000026197455,0.000021566100,NaN,0.087787043727,0.000130320200,NaN
25,0,21.000000000000,0.800000000000,10,11,10,0,0.000021760364,0.000021787600,NaN,0.087845763000,0.000127243700,NaN
26,0,19.000000000000,0.600000000000,10,9,10,0,0.000028781889,0.000023388100,NaN,0.087936110778,0.000143272700,NaN
27,0,20.000000000000,0.700000000000,10,10,10,0,0.000031574200,0.000022426300,NaN,0.087898895800,0.000162125100,NaN
28,0,21.000000000000,0.900000000000,10,11,10,0,0.000025308909,0.000023196400,NaN,0.087851807091,0.000114879900,NaN
29,0,19.000000000000,0.600000000000,10,9,10,0,0.000034407111,0.000024174000,NaN,0.087913897333,0.000145656500,NaN
30,0,19.000000000000,0.600000000000,10,9,10,0,0.000030967333,0.000029458300,NaN,0.087854334000,0.000159992900,NaN
31,0,20.000000000000,0.600000000000,10,10,10,0,0.000018521000,0.000021404100,NaN,0.087883526500,0.000135498600,NaN
32,0,20.000000000000,0.800000000000,10,10,10,0,0.000028923800,0.000020645400,NaN,0.087951564000,0.000130072800,NaN
33,0,21.000000000000,0.900000000000,10,11,10,0,0.000025331818,0.000019606500,NaN,0.087777703545,0.000108133700,NaN
34,0,20.000000000000,0.800000000000,10,10,10,0,0.000023912300,0.000016852600,NaN,0.087845989100,0.000127193500,NaN
35,0,21.000000000000,0.800000000000,10,11,10,0,0.000027210091,0.000025758900,NaN,0.087869501273,0.000153352700,NaN
36,0,20.000000000000,0.700000000000,10,10,10,0,0.000037868800,0.000017990700,NaN,0.087897952000,0.000128389700,NaN
37,0,18.000000000000,0.500000000000,10,8,10,0,0.000025597625,0.000021009600,NaN,0.087921597625,0.000156378900,NaN
38,0,19.000000000000,0.444444444444,9,10,9,0,0.000029304800,0.000026148111,NaN,0.087951851400,0.000141357444,NaN
39,0,21.000000000000,0.727272727273,11,10,11,0,0.000031384000,0.000017240182,NaN,0.087914800100,0.000133394273,NaN
40,0,19.000000000000,0.666666666667,9,10,9,0,0.000027865600,0.000014409889,NaN,0.087888208800,0.000134701000,NaN
41,0,15.000000000000,0.666666666667,6,9,6,0,0.000024590333,0.000026888333,NaN,0.087938901111,0.000132332667,NaN
42,0,20.000000000000,0.600000000000,10,10,10,0,0.000034911500,0.000031417800,NaN,0.087904350600,0.000149458700,NaN
43,0,19.000000000000,0.600000000000,10,9,10,0,0.000029049778,0.000016651400,NaN,0.087968830556,0.000137575400,NaN
44,0,19.000000000000,0.500000000000,10,9,10,0,0.000013784333,0.000024702200,NaN,0.087940368000,0.000144392700,NaN
45,0,20.000000000000,0.700000000000,10,10,10,0,0.000020717600,0.000011916100,NaN,0.087949475700,0.000118658500,NaN
46,0,19.000000000000,0.600000000000,10,9,10,0,0.000028787778,0.000020154100,NaN,0.087921476556,0.000148135200,NaN
47,0,20.000000000000,0.700000000000,10,10,10,0,0.000026776100,0.000018631500,NaN,0.088341068800,0.000126924700,NaN
48,0,17.000000000000,0.250000000000,8,9,8,0,0.000034210667,0.000022895750,NaN,0.087930117000,0.000166155250,NaN
49,0,18.000000000000,0.625000000000,8,10,8,0,0.000032151200,0.000034613750,NaN,0.087843546200,0.000153461500,NaN
50,0,17.000000000000,0.333333333333,9,8,9,0,0.000032141250,0.000029535778,NaN,0.087925225500,0.000165212444,NaN
51,0,19.000000000000,0.600000000000,10,9,10,0,0.000035476556,0.000031390000,NaN,0.087816511778,0.000162583800,NaN
52,0,19.000000000000,0.600000000000,10,9,10,0,0.000030114667,0.000024384200,NaN,0.087889345222,0.000148684900,NaN
53,0,19.000000000000,0.500000000000,10,9,10,0,0.000029913444,0.000025026700,NaN,0.087957582000,0.000158165400,NaN
54,0,21.000000000000,0.800000000000,10,11,10,0,0.000029425364,0.000014512500,NaN,0.087835497091,0.000126133600,NaN
55,0,19.000000000000,0.600000000000,10,9,10,0,0.000035408222,0.000029943900,NaN,0.088317800778,0.000150635200,NaN
56,0,20.000000000000,0.700000000000,10,10,10,0,0.000027312200,0.000022844900,NaN,0.087882736600,0.000139542600,NaN
57,0,18.000000000000,0.500000000000,8,10,8,0,0.000029705400,0.000032895625,NaN,0.087869284000,0.000145811000,NaN
58,0,15.000000000000,0.428571428571,7,8,7,0,0.000030986750,0.000031125143,NaN,0.087918023500,0.000163096857,NaN
59,0,20.000000000000,0.700000000000,10,10,10,0,0.000032443600,0.000023631900,NaN,0.087905408600,0.000120036700,NaN
60,0,19.000000000000,0.500000000000,10,9,10,0,0.000029474000,0.000021501200,NaN,0.088392498444,0.000152898700,NaN
61,0,19.000000000000,0.400000000000,10,9,10,0,0.000032951778,0.000020488200,NaN,0.087952183333,0.000144037100,NaN
62,0,19.000000000000,0.500000000000,10,9,10,0,0.000033388333,0.000030848700,NaN,0.087907985889,0.000153358200,NaN
63,0,14.000000000000,0.200000000000,5,9,5,0,0.000022862889,0.000040078000,NaN,0.088406057444,0.000238894400,NaN
64,0,23.000000000000,0.833333333333,12,11,12,0,0.000027482909,0.000023769167,NaN,0.087817283091,0.000140550583,NaN
65,0,16.000000000000,0.375000000000,8,8,8,0,0.000029520500,0.000030671125,NaN,0.087893394750,0.000158492625,NaN
66,0,20.000000000000,0.800000000000,10,10,10,0,0.000036236800,0.000022770700,NaN,0.087870331000,0.000132594000,NaN
67,0,20.000000000000,0.600000000000,10,10,10,0,0.000022987700,0.000026217000,NaN,0.087952336500,0.000142623600,NaN
68,0,19.000000000000,0.500000000000,10,9,10,0,0.000021081778,0.000029735900,NaN,0.087867186556,0.000150192700,NaN
69,0,19.000000000000,0.600000000000,10,9,10,0,0.000033032556,0.000019797700,NaN,0.087936119556,0.000136799700,NaN
70,0,17.000000000000,0.250000000000,8,9,8,0,0.000026348111,0.000032343375,NaN,0.087944412667,0.000174870500,NaN
71,0,16.000000000000,0.571428571429,7,9,7,0,0.000022856667,0.000036311000,NaN,0.087893614667,0.000175393143,NaN
72,0,18.000000000000,0.400000000000,10,8,10,0,0.000027024250,0.000029868300,NaN,0.087916129625,0.000163975400,NaN
73,0,18.000000000000,0.200000000000,10,8,10,0,0.000029405625,0.000033902200,NaN,0.087966665875,0.000193440100,NaN
74,0,14.000000000000,0.000000000000,5,9,5,0,0.000034016556,0.000046627800,NaN,0.087921889444,0.000795440400,NaN
75,0,20.000000000000,0.700000000000,10,10,10,0,0.000027671600,0.000020783500,NaN,0.087907538300,0.000141303400,NaN
76,0,18.000000000000,0.400000000000,10,8,10,0,0.000034278625,0.000028723100,NaN,0.087881069375,0.000149200400,NaN
77,0,18.000000000000,0.200000000000,10,8,10,0,0.000041352375,0.000032111800,NaN,0.087928461000,0.000172335300,NaN
78,0,16.000000000000,0.500000000000,6,10,6,0,0.000035385000,0.000029687500,NaN,0.087937509100,0.000139005167,NaN
79,0,18.000000000000,0.555555555556,9,9,9,0,0.000023907556,0.000030790111,NaN,0.087936354667,0.000165646222,NaN
80,0,20.000000000000,0.800000000000,10,10,10,0,0.000029778600,0.000015910200,NaN,0.087865466800,0.000113131300,NaN
81,0,17.000000000000,0.200000000000,10,7,10,0,0.000027650000,0.000031429800,NaN,0.087981953857,0.000177809600,NaN
82,0,17.000000000000,0.125000000000,8,9,8,0,0.000034534444,0.000030592750,NaN,0.087926092333,0.000177500000,NaN
83,0,16.000000000000,0.571428571429,7,9,7,0,0.000024766556,0.000027228714,NaN,0.087875973667,0.000147767000,NaN
84,0,19.000000000000,0.600000000000,10,9,10,0,0.000026691778,0.000029642900,NaN,0.088338474222,0.000160219900,NaN
85,0,19.000000000000,0.400000000000,10,9,10,0,0.000029080000,0.000025340600,NaN,0.087940094333,0.000149431000,NaN
86,0,18.000000000000,0.300000000000,10,8,10,0,0.000034640750,0.000027964300,NaN,0.087928728625,0.000164267000,NaN
87,0,16.000000000000,0.500000000000,6,10,6,0,0.000037436600,0.000031995167,NaN,0.087950718000,0.000152165833,NaN
88,0,18.000000000000,0.555555555556,9,9,9,0,0.000025327111,0.000028668111,NaN,0.087887485778,0.000133219000,NaN
89,0,19.000000000000,0.500000000000,10,9,10,0,0.000034225444,0.000034209600,NaN,0.087867839222,0.000163414000,NaN
90,0,18.000000000000,0.500000000000,10,8,10,0,0.000038413250,0.000026144600,NaN,0.087913111125,0.000159411000,NaN
91,0,19.000000000000,0.500000000000,10,9,10,0,0.000030438000,0.000022692900,NaN,0.087873684444,0.000169169600,NaN
92,0,20.000000000000,0.600000000000,10,10,10,0,0.000030640500,0.000023567500,NaN,0.087899779100,0.000116530300,NaN
93,0,14.000000000000,0.200000000000,5,9,5,0,0.000035364222,0.000024918400,NaN,0.087834806222,0.000179936400,NaN
94,0,19.000000000000,0.500000000000,10,9,10,0,0.000025740333,0.000014120100,NaN,0.087938179222,0.000142989100,NaN
95,0,17.000000000000,0.200000000000,10,7,10,0,0.000030819143,0.000033975800,NaN,0.087930536286,0.000161027500,NaN
96,0,18.000000000000,0.375000000000,8,10,8,0,0.000034958200,0.000034688375,NaN,0.087932624200,0.000183765625,NaN
97,0,20.000000000000,0.700000000000,10,10,10,0,0.000029236700,0.000023357500,NaN,0.087918795200,0.000114205700,NaN
98,0,15.000000000000,0.285714285714,7,8,7,0,0.000039876000,0.000033985714,NaN,0.087935679500,0.000212451286,NaN
99,0,19.000000000000,0.500000000000,10,9,10,0,0.000035881778,0.000027710600,NaN,0.087853661444,0.000159815700,NaN
100,0,18.000000000000,0.300000000000,10,8,10,0,0.000028569000,0.000028006800,NaN,0.087941419125,0.000174244600,NaN
101,0,1.000000000000,NaN,0,1,0,0,0.000044411000,NaN,NaN,0.088017057000,NaN,NaN
